{
    "90": {
        "intrinsic_matrix": [
            [
                204.79999999999998,
                0.0,
                128.0
            ],
            [
                0.0,
                204.79999999999998,
                128.0
            ],
            [
                0.0,
                0.0,
                1.0
            ]
        ],
        "extrinsic_matrix": [
            [
                0.0,
                0.0,
                1.0,
                1.0
            ],
            [
                1.0,
                0.0,
                0.0,
                0.0
            ],
            [
                0.0,
                1.0,
                0.0,
                0.0
            ],
            [
                0.0,
                0.0,
                0.0,
                1.0
            ]
        ],
        "image_path": "C:\\Users\\rishi\\OneDrive\\Desktop\\inb\\outputblend2\\rendered_image_90.png"
    },
    "100": {
        "intrinsic_matrix": [
            [
                204.79999999999998,
                0.0,
                128.0
            ],
            [
                0.0,
                204.79999999999998,
                128.0
            ],
            [
                0.0,
                0.0,
                1.0
            ]
        ],
        "extrinsic_matrix": [
            [
                -0.17360278964042664,
                0.0,
                0.9848158359527588,
                0.9847999811172485
            ],
            [
                0.9848158359527588,
                0.0,
                0.17360278964042664,
                0.1736000031232834
            ],
            [
                0.0,
                1.0,
                0.0,
                0.0
            ],
            [
                0.0,
                0.0,
                0.0,
                1.0
            ]
        ],
        "image_path": "C:\\Users\\rishi\\OneDrive\\Desktop\\inb\\outputblend2\\rendered_image_100.png"
    },
    "110": {
        "intrinsic_matrix": [
            [
                204.79999999999998,
                0.0,
                128.0
            ],
            [
                0.0,
                204.79999999999998,
                128.0
            ],
            [
                0.0,
                0.0,
                1.0
            ]
        ],
        "extrinsic_matrix": [
            [
                -0.34200000762939453,
                0.0,
                0.9397000074386597,
                0.9397000074386597
            ],
            [
                0.9397000074386597,
                0.0,
                0.34200000762939453,
                0.34200000762939453
            ],
            [
                0.0,
                1.0,
                0.0,
                0.0
            ],
            [
                0.0,
                0.0,
                0.0,
                1.0
            ]
        ],
        "image_path": "C:\\Users\\rishi\\OneDrive\\Desktop\\inb\\outputblend2\\rendered_image_110.png"
    },
    "120": {
        "intrinsic_matrix": [
            [
                204.79999999999998,
                0.0,
                128.0
            ],
            [
                0.0,
                204.79999999999998,
                128.0
            ],
            [
                0.0,
                0.0,
                1.0
            ]
        ],
        "extrinsic_matrix": [
            [
                -0.5000110268592834,
                0.0,
                0.866019070148468,
                0.8659999966621399
            ],
            [
                0.866019070148468,
                0.0,
                0.5000110268592834,
                0.5
            ],
            [
                0.0,
                1.0,
                0.0,
                0.0
            ],
            [
                0.0,
                0.0,
                0.0,
                1.0
            ]
        ],
        "image_path": "C:\\Users\\rishi\\OneDrive\\Desktop\\inb\\outputblend2\\rendered_image_120.png"
    },
    "130": {
        "intrinsic_matrix": [
            [
                204.79999999999998,
                0.0,
                128.0
            ],
            [
                0.0,
                204.79999999999998,
                128.0
            ],
            [
                0.0,
                0.0,
                1.0
            ]
        ],
        "extrinsic_matrix": [
            [
                -0.6428167819976807,
                0.0,
                0.7660200595855713,
                0.765999972820282
            ],
            [
                0.7660199403762817,
                0.0,
                0.6428168416023254,
                0.642799973487854
            ],
            [
                0.0,
                1.0,
                0.0,
                0.0
            ],
            [
                0.0,
                0.0,
                0.0,
                1.0
            ]
        ],
        "image_path": "C:\\Users\\rishi\\OneDrive\\Desktop\\inb\\outputblend2\\rendered_image_130.png"
    },
    "140": {
        "intrinsic_matrix": [
            [
                204.79999999999998,
                0.0,
                128.0
            ],
            [
                0.0,
                204.79999999999998,
                128.0
            ],
            [
                0.0,
                0.0,
                1.0
            ]
        ],
        "extrinsic_matrix": [
            [
                -0.7660199403762817,
                0.0,
                0.6428168416023254,
                0.642799973487854
            ],
            [
                0.6428167819976807,
                0.0,
                0.7660200595855713,
                0.765999972820282
            ],
            [
                0.0,
                1.0,
                0.0,
                0.0
            ],
            [
                0.0,
                0.0,
                0.0,
                1.0
            ]
        ],
        "image_path": "C:\\Users\\rishi\\OneDrive\\Desktop\\inb\\outputblend2\\rendered_image_140.png"
    },
    "150": {
        "intrinsic_matrix": [
            [
                204.79999999999998,
                0.0,
                128.0
            ],
            [
                0.0,
                204.79999999999998,
                128.0
            ],
            [
                0.0,
                0.0,
                1.0
            ]
        ],
        "extrinsic_matrix": [
            [
                -0.866019070148468,
                0.0,
                0.5000110268592834,
                0.5
            ],
            [
                0.5000110268592834,
                0.0,
                0.866019070148468,
                0.8659999966621399
            ],
            [
                0.0,
                1.0,
                0.0,
                0.0
            ],
            [
                0.0,
                0.0,
                0.0,
                1.0
            ]
        ],
        "image_path": "C:\\Users\\rishi\\OneDrive\\Desktop\\inb\\outputblend2\\rendered_image_150.png"
    },
    "160": {
        "intrinsic_matrix": [
            [
                204.79999999999998,
                0.0,
                128.0
            ],
            [
                0.0,
                204.79999999999998,
                128.0
            ],
            [
                0.0,
                0.0,
                1.0
            ]
        ],
        "extrinsic_matrix": [
            [
                -0.9397000074386597,
                0.0,
                0.34200000762939453,
                0.34200000762939453
            ],
            [
                0.34200000762939453,
                0.0,
                0.9397000074386597,
                0.9397000074386597
            ],
            [
                0.0,
                1.0,
                0.0,
                0.0
            ],
            [
                0.0,
                0.0,
                0.0,
                1.0
            ]
        ],
        "image_path": "C:\\Users\\rishi\\OneDrive\\Desktop\\inb\\outputblend2\\rendered_image_160.png"
    },
    "170": {
        "intrinsic_matrix": [
            [
                204.79999999999998,
                0.0,
                128.0
            ],
            [
                0.0,
                204.79999999999998,
                128.0
            ],
            [
                0.0,
                0.0,
                1.0
            ]
        ],
        "extrinsic_matrix": [
            [
                -0.9848158359527588,
                0.0,
                0.17360278964042664,
                0.1736000031232834
            ],
            [
                0.17360278964042664,
                0.0,
                0.9848158359527588,
                0.9847999811172485
            ],
            [
                0.0,
                1.0,
                0.0,
                0.0
            ],
            [
                0.0,
                0.0,
                0.0,
                1.0
            ]
        ],
        "image_path": "C:\\Users\\rishi\\OneDrive\\Desktop\\inb\\outputblend2\\rendered_image_170.png"
    },
    "180": {
        "intrinsic_matrix": [
            [
                204.79999999999998,
                0.0,
                128.0
            ],
            [
                0.0,
                204.79999999999998,
                128.0
            ],
            [
                0.0,
                0.0,
                1.0
            ]
        ],
        "extrinsic_matrix": [
            [
                -1.0,
                0.0,
                0.0,
                0.0
            ],
            [
                0.0,
                0.0,
                1.0,
                1.0
            ],
            [
                0.0,
                1.0,
                0.0,
                0.0
            ],
            [
                0.0,
                0.0,
                0.0,
                1.0
            ]
        ],
        "image_path": "C:\\Users\\rishi\\OneDrive\\Desktop\\inb\\outputblend2\\rendered_image_180.png"
    },
    "190": {
        "intrinsic_matrix": [
            [
                204.79999999999998,
                0.0,
                128.0
            ],
            [
                0.0,
                204.79999999999998,
                128.0
            ],
            [
                0.0,
                0.0,
                1.0
            ]
        ],
        "extrinsic_matrix": [
            [
                -0.9848158359527588,
                0.0,
                -0.17360278964042664,
                -0.1736000031232834
            ],
            [
                -0.17360278964042664,
                0.0,
                0.9848158359527588,
                0.9847999811172485
            ],
            [
                0.0,
                1.0,
                0.0,
                0.0
            ],
            [
                0.0,
                0.0,
                0.0,
                1.0
            ]
        ],
        "image_path": "C:\\Users\\rishi\\OneDrive\\Desktop\\inb\\outputblend2\\rendered_image_190.png"
    },
    "200": {
        "intrinsic_matrix": [
            [
                204.79999999999998,
                0.0,
                128.0
            ],
            [
                0.0,
                204.79999999999998,
                128.0
            ],
            [
                0.0,
                0.0,
                1.0
            ]
        ],
        "extrinsic_matrix": [
            [
                -0.9397000074386597,
                0.0,
                -0.34200000762939453,
                -0.34200000762939453
            ],
            [
                -0.34200000762939453,
                0.0,
                0.9397000074386597,
                0.9397000074386597
            ],
            [
                0.0,
                1.0,
                0.0,
                0.0
            ],
            [
                0.0,
                0.0,
                0.0,
                1.0
            ]
        ],
        "image_path": "C:\\Users\\rishi\\OneDrive\\Desktop\\inb\\outputblend2\\rendered_image_200.png"
    },
    "210": {
        "intrinsic_matrix": [
            [
                204.79999999999998,
                0.0,
                128.0
            ],
            [
                0.0,
                204.79999999999998,
                128.0
            ],
            [
                0.0,
                0.0,
                1.0
            ]
        ],
        "extrinsic_matrix": [
            [
                -0.866019070148468,
                0.0,
                -0.5000110268592834,
                -0.5
            ],
            [
                -0.5000110268592834,
                0.0,
                0.866019070148468,
                0.8659999966621399
            ],
            [
                0.0,
                1.0,
                0.0,
                0.0
            ],
            [
                0.0,
                0.0,
                0.0,
                1.0
            ]
        ],
        "image_path": "C:\\Users\\rishi\\OneDrive\\Desktop\\inb\\outputblend2\\rendered_image_210.png"
    },
    "220": {
        "intrinsic_matrix": [
            [
                204.79999999999998,
                0.0,
                128.0
            ],
            [
                0.0,
                204.79999999999998,
                128.0
            ],
            [
                0.0,
                0.0,
                1.0
            ]
        ],
        "extrinsic_matrix": [
            [
                -0.7660199403762817,
                0.0,
                -0.6428168416023254,
                -0.642799973487854
            ],
            [
                -0.6428167819976807,
                0.0,
                0.7660200595855713,
                0.765999972820282
            ],
            [
                0.0,
                1.0,
                0.0,
                0.0
            ],
            [
                0.0,
                0.0,
                0.0,
                1.0
            ]
        ],
        "image_path": "C:\\Users\\rishi\\OneDrive\\Desktop\\inb\\outputblend2\\rendered_image_220.png"
    },
    "230": {
        "intrinsic_matrix": [
            [
                204.79999999999998,
                0.0,
                128.0
            ],
            [
                0.0,
                204.79999999999998,
                128.0
            ],
            [
                0.0,
                0.0,
                1.0
            ]
        ],
        "extrinsic_matrix": [
            [
                -0.6428167819976807,
                0.0,
                -0.7660200595855713,
                -0.765999972820282
            ],
            [
                -0.7660199403762817,
                0.0,
                0.6428168416023254,
                0.642799973487854
            ],
            [
                0.0,
                1.0,
                0.0,
                0.0
            ],
            [
                0.0,
                0.0,
                0.0,
                1.0
            ]
        ],
        "image_path": "C:\\Users\\rishi\\OneDrive\\Desktop\\inb\\outputblend2\\rendered_image_230.png"
    },
    "240": {
        "intrinsic_matrix": [
            [
                204.79999999999998,
                0.0,
                128.0
            ],
            [
                0.0,
                204.79999999999998,
                128.0
            ],
            [
                0.0,
                0.0,
                1.0
            ]
        ],
        "extrinsic_matrix": [
            [
                -0.5000110268592834,
                0.0,
                -0.866019070148468,
                -0.8659999966621399
            ],
            [
                -0.866019070148468,
                0.0,
                0.5000110268592834,
                0.5
            ],
            [
                0.0,
                1.0,
                0.0,
                0.0
            ],
            [
                0.0,
                0.0,
                0.0,
                1.0
            ]
        ],
        "image_path": "C:\\Users\\rishi\\OneDrive\\Desktop\\inb\\outputblend2\\rendered_image_240.png"
    },
    "250": {
        "intrinsic_matrix": [
            [
                204.79999999999998,
                0.0,
                128.0
            ],
            [
                0.0,
                204.79999999999998,
                128.0
            ],
            [
                0.0,
                0.0,
                1.0
            ]
        ],
        "extrinsic_matrix": [
            [
                -0.34200000762939453,
                0.0,
                -0.9397000074386597,
                -0.9397000074386597
            ],
            [
                -0.9397000074386597,
                0.0,
                0.34200000762939453,
                0.34200000762939453
            ],
            [
                0.0,
                1.0,
                0.0,
                0.0
            ],
            [
                0.0,
                0.0,
                0.0,
                1.0
            ]
        ],
        "image_path": "C:\\Users\\rishi\\OneDrive\\Desktop\\inb\\outputblend2\\rendered_image_250.png"
    },
    "260": {
        "intrinsic_matrix": [
            [
                204.79999999999998,
                0.0,
                128.0
            ],
            [
                0.0,
                204.79999999999998,
                128.0
            ],
            [
                0.0,
                0.0,
                1.0
            ]
        ],
        "extrinsic_matrix": [
            [
                -0.17360278964042664,
                0.0,
                -0.9848158359527588,
                -0.9847999811172485
            ],
            [
                -0.9848158359527588,
                0.0,
                0.17360278964042664,
                0.1736000031232834
            ],
            [
                0.0,
                1.0,
                0.0,
                0.0
            ],
            [
                0.0,
                0.0,
                0.0,
                1.0
            ]
        ],
        "image_path": "C:\\Users\\rishi\\OneDrive\\Desktop\\inb\\outputblend2\\rendered_image_260.png"
    },
    "270": {
        "intrinsic_matrix": [
            [
                204.79999999999998,
                0.0,
                128.0
            ],
            [
                0.0,
                204.79999999999998,
                128.0
            ],
            [
                0.0,
                0.0,
                1.0
            ]
        ],
        "extrinsic_matrix": [
            [
                0.0,
                0.0,
                -1.0,
                -1.0
            ],
            [
                -1.0,
                0.0,
                0.0,
                0.0
            ],
            [
                0.0,
                1.0,
                0.0,
                0.0
            ],
            [
                0.0,
                0.0,
                0.0,
                1.0
            ]
        ],
        "image_path": "C:\\Users\\rishi\\OneDrive\\Desktop\\inb\\outputblend2\\rendered_image_270.png"
    },
    "280": {
        "intrinsic_matrix": [
            [
                204.79999999999998,
                0.0,
                128.0
            ],
            [
                0.0,
                204.79999999999998,
                128.0
            ],
            [
                0.0,
                0.0,
                1.0
            ]
        ],
        "extrinsic_matrix": [
            [
                0.17360278964042664,
                0.0,
                -0.9848158359527588,
                -0.9847999811172485
            ],
            [
                -0.9848158359527588,
                0.0,
                -0.17360278964042664,
                -0.1736000031232834
            ],
            [
                0.0,
                1.0,
                0.0,
                0.0
            ],
            [
                0.0,
                0.0,
                0.0,
                1.0
            ]
        ],
        "image_path": "C:\\Users\\rishi\\OneDrive\\Desktop\\inb\\outputblend2\\rendered_image_280.png"
    },
    "290": {
        "intrinsic_matrix": [
            [
                204.79999999999998,
                0.0,
                128.0
            ],
            [
                0.0,
                204.79999999999998,
                128.0
            ],
            [
                0.0,
                0.0,
                1.0
            ]
        ],
        "extrinsic_matrix": [
            [
                0.34200000762939453,
                0.0,
                -0.9397000074386597,
                -0.9397000074386597
            ],
            [
                -0.9397000074386597,
                0.0,
                -0.34200000762939453,
                -0.34200000762939453
            ],
            [
                0.0,
                1.0,
                0.0,
                0.0
            ],
            [
                0.0,
                0.0,
                0.0,
                1.0
            ]
        ],
        "image_path": "C:\\Users\\rishi\\OneDrive\\Desktop\\inb\\outputblend2\\rendered_image_290.png"
    },
    "300": {
        "intrinsic_matrix": [
            [
                204.79999999999998,
                0.0,
                128.0
            ],
            [
                0.0,
                204.79999999999998,
                128.0
            ],
            [
                0.0,
                0.0,
                1.0
            ]
        ],
        "extrinsic_matrix": [
            [
                0.5000110268592834,
                0.0,
                -0.866019070148468,
                -0.8659999966621399
            ],
            [
                -0.866019070148468,
                0.0,
                -0.5000110268592834,
                -0.5
            ],
            [
                0.0,
                1.0,
                0.0,
                0.0
            ],
            [
                0.0,
                0.0,
                0.0,
                1.0
            ]
        ],
        "image_path": "C:\\Users\\rishi\\OneDrive\\Desktop\\inb\\outputblend2\\rendered_image_300.png"
    },
    "310": {
        "intrinsic_matrix": [
            [
                204.79999999999998,
                0.0,
                128.0
            ],
            [
                0.0,
                204.79999999999998,
                128.0
            ],
            [
                0.0,
                0.0,
                1.0
            ]
        ],
        "extrinsic_matrix": [
            [
                0.6428167819976807,
                0.0,
                -0.7660200595855713,
                -0.765999972820282
            ],
            [
                -0.7660199403762817,
                0.0,
                -0.6428168416023254,
                -0.642799973487854
            ],
            [
                0.0,
                1.0,
                0.0,
                0.0
            ],
            [
                0.0,
                0.0,
                0.0,
                1.0
            ]
        ],
        "image_path": "C:\\Users\\rishi\\OneDrive\\Desktop\\inb\\outputblend2\\rendered_image_310.png"
    },
    "320": {
        "intrinsic_matrix": [
            [
                204.79999999999998,
                0.0,
                128.0
            ],
            [
                0.0,
                204.79999999999998,
                128.0
            ],
            [
                0.0,
                0.0,
                1.0
            ]
        ],
        "extrinsic_matrix": [
            [
                0.7660199403762817,
                0.0,
                -0.6428168416023254,
                -0.642799973487854
            ],
            [
                -0.6428167819976807,
                0.0,
                -0.7660200595855713,
                -0.765999972820282
            ],
            [
                0.0,
                1.0,
                0.0,
                0.0
            ],
            [
                0.0,
                0.0,
                0.0,
                1.0
            ]
        ],
        "image_path": "C:\\Users\\rishi\\OneDrive\\Desktop\\inb\\outputblend2\\rendered_image_320.png"
    },
    "330": {
        "intrinsic_matrix": [
            [
                204.79999999999998,
                0.0,
                128.0
            ],
            [
                0.0,
                204.79999999999998,
                128.0
            ],
            [
                0.0,
                0.0,
                1.0
            ]
        ],
        "extrinsic_matrix": [
            [
                0.866019070148468,
                0.0,
                -0.5000110268592834,
                -0.5
            ],
            [
                -0.5000110268592834,
                0.0,
                -0.866019070148468,
                -0.8659999966621399
            ],
            [
                0.0,
                1.0,
                0.0,
                0.0
            ],
            [
                0.0,
                0.0,
                0.0,
                1.0
            ]
        ],
        "image_path": "C:\\Users\\rishi\\OneDrive\\Desktop\\inb\\outputblend2\\rendered_image_330.png"
    },
    "340": {
        "intrinsic_matrix": [
            [
                204.79999999999998,
                0.0,
                128.0
            ],
            [
                0.0,
                204.79999999999998,
                128.0
            ],
            [
                0.0,
                0.0,
                1.0
            ]
        ],
        "extrinsic_matrix": [
            [
                0.9397000074386597,
                0.0,
                -0.34200000762939453,
                -0.34200000762939453
            ],
            [
                -0.34200000762939453,
                0.0,
                -0.9397000074386597,
                -0.9397000074386597
            ],
            [
                0.0,
                1.0,
                0.0,
                0.0
            ],
            [
                0.0,
                0.0,
                0.0,
                1.0
            ]
        ],
        "image_path": "C:\\Users\\rishi\\OneDrive\\Desktop\\inb\\outputblend2\\rendered_image_340.png"
    },
    "350": {
        "intrinsic_matrix": [
            [
                204.79999999999998,
                0.0,
                128.0
            ],
            [
                0.0,
                204.79999999999998,
                128.0
            ],
            [
                0.0,
                0.0,
                1.0
            ]
        ],
        "extrinsic_matrix": [
            [
                0.9848158359527588,
                0.0,
                -0.17360278964042664,
                -0.1736000031232834
            ],
            [
                -0.17360278964042664,
                0.0,
                -0.9848158359527588,
                -0.9847999811172485
            ],
            [
                0.0,
                1.0,
                0.0,
                0.0
            ],
            [
                0.0,
                0.0,
                0.0,
                1.0
            ]
        ],
        "image_path": "C:\\Users\\rishi\\OneDrive\\Desktop\\inb\\outputblend2\\rendered_image_350.png"
    },
    "0": {
        "intrinsic_matrix": [
            [
                204.79999999999998,
                0.0,
                128.0
            ],
            [
                0.0,
                204.79999999999998,
                128.0
            ],
            [
                0.0,
                0.0,
                1.0
            ]
        ],
        "extrinsic_matrix": [
            [
                1.0,
                0.0,
                0.0,
                0.0
            ],
            [
                0.0,
                0.0,
                -1.0,
                -1.0
            ],
            [
                0.0,
                1.0,
                0.0,
                0.0
            ],
            [
                0.0,
                0.0,
                0.0,
                1.0
            ]
        ],
        "image_path": "C:\\Users\\rishi\\OneDrive\\Desktop\\inb\\outputblend2\\rendered_image_0.png"
    },
    "10": {
        "intrinsic_matrix": [
            [
                204.79999999999998,
                0.0,
                128.0
            ],
            [
                0.0,
                204.79999999999998,
                128.0
            ],
            [
                0.0,
                0.0,
                1.0
            ]
        ],
        "extrinsic_matrix": [
            [
                0.9848158359527588,
                0.0,
                0.17360278964042664,
                0.1736000031232834
            ],
            [
                0.17360278964042664,
                0.0,
                -0.9848158359527588,
                -0.9847999811172485
            ],
            [
                0.0,
                1.0,
                0.0,
                0.0
            ],
            [
                0.0,
                0.0,
                0.0,
                1.0
            ]
        ],
        "image_path": "C:\\Users\\rishi\\OneDrive\\Desktop\\inb\\outputblend2\\rendered_image_10.png"
    },
    "20": {
        "intrinsic_matrix": [
            [
                204.79999999999998,
                0.0,
                128.0
            ],
            [
                0.0,
                204.79999999999998,
                128.0
            ],
            [
                0.0,
                0.0,
                1.0
            ]
        ],
        "extrinsic_matrix": [
            [
                0.9397000074386597,
                0.0,
                0.34200000762939453,
                0.34200000762939453
            ],
            [
                0.34200000762939453,
                0.0,
                -0.9397000074386597,
                -0.9397000074386597
            ],
            [
                0.0,
                1.0,
                0.0,
                0.0
            ],
            [
                0.0,
                0.0,
                0.0,
                1.0
            ]
        ],
        "image_path": "C:\\Users\\rishi\\OneDrive\\Desktop\\inb\\outputblend2\\rendered_image_20.png"
    },
    "30": {
        "intrinsic_matrix": [
            [
                204.79999999999998,
                0.0,
                128.0
            ],
            [
                0.0,
                204.79999999999998,
                128.0
            ],
            [
                0.0,
                0.0,
                1.0
            ]
        ],
        "extrinsic_matrix": [
            [
                0.866019070148468,
                0.0,
                0.5000110268592834,
                0.5
            ],
            [
                0.5000110268592834,
                0.0,
                -0.866019070148468,
                -0.8659999966621399
            ],
            [
                0.0,
                1.0,
                0.0,
                0.0
            ],
            [
                0.0,
                0.0,
                0.0,
                1.0
            ]
        ],
        "image_path": "C:\\Users\\rishi\\OneDrive\\Desktop\\inb\\outputblend2\\rendered_image_30.png"
    },
    "40": {
        "intrinsic_matrix": [
            [
                204.79999999999998,
                0.0,
                128.0
            ],
            [
                0.0,
                204.79999999999998,
                128.0
            ],
            [
                0.0,
                0.0,
                1.0
            ]
        ],
        "extrinsic_matrix": [
            [
                0.7660199403762817,
                0.0,
                0.6428168416023254,
                0.642799973487854
            ],
            [
                0.6428167819976807,
                0.0,
                -0.7660200595855713,
                -0.765999972820282
            ],
            [
                0.0,
                1.0,
                0.0,
                0.0
            ],
            [
                0.0,
                0.0,
                0.0,
                1.0
            ]
        ],
        "image_path": "C:\\Users\\rishi\\OneDrive\\Desktop\\inb\\outputblend2\\rendered_image_40.png"
    },
    "50": {
        "intrinsic_matrix": [
            [
                204.79999999999998,
                0.0,
                128.0
            ],
            [
                0.0,
                204.79999999999998,
                128.0
            ],
            [
                0.0,
                0.0,
                1.0
            ]
        ],
        "extrinsic_matrix": [
            [
                0.6428167819976807,
                0.0,
                0.7660200595855713,
                0.765999972820282
            ],
            [
                0.7660199403762817,
                0.0,
                -0.6428168416023254,
                -0.642799973487854
            ],
            [
                0.0,
                1.0,
                0.0,
                0.0
            ],
            [
                0.0,
                0.0,
                0.0,
                1.0
            ]
        ],
        "image_path": "C:\\Users\\rishi\\OneDrive\\Desktop\\inb\\outputblend2\\rendered_image_50.png"
    },
    "60": {
        "intrinsic_matrix": [
            [
                204.79999999999998,
                0.0,
                128.0
            ],
            [
                0.0,
                204.79999999999998,
                128.0
            ],
            [
                0.0,
                0.0,
                1.0
            ]
        ],
        "extrinsic_matrix": [
            [
                0.5000110268592834,
                0.0,
                0.866019070148468,
                0.8659999966621399
            ],
            [
                0.866019070148468,
                0.0,
                -0.5000110268592834,
                -0.5
            ],
            [
                0.0,
                1.0,
                0.0,
                0.0
            ],
            [
                0.0,
                0.0,
                0.0,
                1.0
            ]
        ],
        "image_path": "C:\\Users\\rishi\\OneDrive\\Desktop\\inb\\outputblend2\\rendered_image_60.png"
    },
    "70": {
        "intrinsic_matrix": [
            [
                204.79999999999998,
                0.0,
                128.0
            ],
            [
                0.0,
                204.79999999999998,
                128.0
            ],
            [
                0.0,
                0.0,
                1.0
            ]
        ],
        "extrinsic_matrix": [
            [
                0.34200000762939453,
                0.0,
                0.9397000074386597,
                0.9397000074386597
            ],
            [
                0.9397000074386597,
                0.0,
                -0.34200000762939453,
                -0.34200000762939453
            ],
            [
                0.0,
                1.0,
                0.0,
                0.0
            ],
            [
                0.0,
                0.0,
                0.0,
                1.0
            ]
        ],
        "image_path": "C:\\Users\\rishi\\OneDrive\\Desktop\\inb\\outputblend2\\rendered_image_70.png"
    },
    "80": {
        "intrinsic_matrix": [
            [
                204.79999999999998,
                0.0,
                128.0
            ],
            [
                0.0,
                204.79999999999998,
                128.0
            ],
            [
                0.0,
                0.0,
                1.0
            ]
        ],
        "extrinsic_matrix": [
            [
                0.17360278964042664,
                0.0,
                0.9848158359527588,
                0.9847999811172485
            ],
            [
                0.9848158359527588,
                0.0,
                -0.17360278964042664,
                -0.1736000031232834
            ],
            [
                0.0,
                1.0,
                0.0,
                0.0
            ],
            [
                0.0,
                0.0,
                0.0,
                1.0
            ]
        ],
        "image_path": "C:\\Users\\rishi\\OneDrive\\Desktop\\inb\\outputblend2\\rendered_image_80.png"
    }
}